1 2 3 4 5 6 7 8, 9, 10, 11, 12, 13, 14, 15, 16, 17, 18, 19, 20, 21, 22, 23, 24, 25, 26, 27, 28, 29, 30, 31, 32, 33, 34, 35, 36, 37, 38, 39, 40, 41, 42, 43, 44, 45, 46, 47, 48, 49, 50, 51, 52, 53, 54, 55, 56, 57, 58, 59, 60, 61, 62, 63, 64, 65, 66, 67, 68, 69, 70, 71, 72, 73, 74, 75, 76, 77，78
80, 81, 82, 83, 84, 85, 86, 87, 88, 89, 90, 91, 92, 93, 94, 95, 10, 96, 47, 44, 46, 20, 63, 53, 51, 52, 97, 65, 32, 98, 99, 100, 101, 102, 103, 104, 105, 61, 106, 75, 107, 58, 108, 109, 110, 50, 111, 112, 113, 114, 115, 116, 117, 118, 119, 120, 121, 122, 123, 124, 39, 125, 126, 127, 38, 128, 129, 130, 131, 132, 40, 133, 134, 135, 136,137
139, 140, 3, 141, 142, 143, 144, 145, 146, 147, 148, 149, 150, 1, 13, 151, 4, 152, 153, 154, 155, 156, 157, 158, 159, 160, 161, 162, 163, 164, 165, 166, 167, 168, 169, 170, 171, 172, 173, 174, 175, 176, 177, 178, 179, 180, 181, 182, 183, 184, 185, 186, 187, 39, 188, 189, 190, 191, 192, 193, 194, 195, 196, 197, 198, 199, 200, 201, 202, 203, 204, 205, 206, 207, 208, 209, 210, 211, 212, 213, 214, 215, 216, 217, 218, 219, 220, 221, 222, 223, 224, 225, 9, 226, 227, 228, 16, 7, 229, 230,172
250, 13, 251, 70, 252, 81, 237, 150, 253, 27, 143, 254, 236, 196, 229, 255, 256, 179, 167, 172, 157, 257, 39, 199, 258, 29 31
261, 239, 262, 263, 150, 264, 39, 265, 266, 147, 267, 268, 146, 228, 269, 270, 226, 94, 153, 271, 272, 273, 274, 275, 241, 276, 277, 188, 278, 279, 280, 281, 282, 283, 284, 285, 286, 151, 287, 288, 289, 290, 291, 40, 292, 293, 294, 7, 295, 225, 145, 296, 297, 298, 19, 227, 299, 300, 42, 301, 302, 303, 304, 233, 305, 306, 307, 308, 309, 310, 109, 311, 312, 313, 314, 315, 316, 317, 236, 318, 179, 319, 320, 321, 229, 322, 323, 324, 325, 326, 327, 328, 329, 330, 331, 165, 332, 157, 333, 334 287
416, 145, 417, 418, 147, 419, 337, 420, 421, 422, 423, 424, 425, 266, 426, 304, 427, 428, 429, 430, 95, 282, 431, 293, 228, 432, 279, 295, 433, 302, 288, 434, 435, 436, 437, 438, 439, 308, 269, 440, 441, 285, 442, 443, 241, 444, 445, 307, 338, 446, 312, 447, 448, 322, 449, 450, 451, 452, 341, 453, 454, 455, 456, 457, 280, 227, 458, 42, 459, 460, 461, 462, 12, 7, 463, 464, 286, 254, 465, 466, 238, 467, 275, 151, 305, 315, 415, 468, 469, 470, 471, 303, 472, 473, 347, 348, 30, 474, 281, 475 476
test
593, 315, 559, 4, 146, 594, 282, 420, 288, 595, 596, 293, 10, 281, 597, 475, 25, 273, 307, 480, 598, 528, 371, 324, 8, 16, 599, 529, 600, 289, 601, 240, 305, 602, 474, 280, 603, 604, 20, 358, 605, 459, 514, 284, 606, 387, 313, 465, 607, 395, 608, 609, 507, 610, 510, 154, 24, 86, 485, 611, 612, 613, 532, 614, 615, 616, 149, 617, 461, 618, 619, 620, 17, 342, 621, 496, 491, 622, 623, 624, 549, 625, 626, 627, 628, 629, 320, 630, 631, 632, 522, 340, 511, 633, 378, 545, 151, 12, 501, 285 286
19, 37, 161, 643, 644, 167, 194, 62, 645, 224, 646, 647, 648, 649, 41, 96, 42, 46, 20, 650, 107, 651, 652, 653, 654, 522, 655, 656, 657, 658, 49, 659, 105, 660, 56, 390, 661, 662, 663 664 108 665 583 666 642 667 668 669 404 245 16 11 225 7 146 147 240 241
145 670 216 440 671 278 237 150 158 478 143 179 153 236 229 253 255 29 377 161 672 172 673 674 159 675 167 62 63
662 10 41 40 677 191 678 105 568 250 679 638 639 680 681 682 156 683 43 111 684 226 685 498 74 20 320 16 225 686 305 24 143 240 244 597 378 452 614 550 387 327 242 687 522 688 251 607 560 689 690 691 692 693 595 694 695 696 84 697 698 513 699 700 701 702 703 704 705 131 107 706 377 707 708 709 710 42 459 321 711 712 713 714 715 716 717 718 4 19 719 109 94 571 720 721 44 45
